  281   283   254   257   279   235   217     x
  256   280   213   247   207   267   215   239
  207   261   222   204   208   237   218   268
  215   294   273   244   254   210   225   246
  234   201   220   241   250   211   218   236
  174   167   221   171   200   175   210   266
  208   222   220   166   197   197   216   190
  267   237   215   383   259   231   290   241
  286   229   274   220   298   198   184   231
  195   216   197   242   212   259   232   211
  210   203   309   187   194   234   208   202
  188   178   199   183   225   200   179   177
  224   199   241   221   189   287   180   207
  251   226   227   253   206   307   182   215
  215   188   206   249   172   231   214   258
  255   251   181   216   223   248   217   222
  219   220   209   304   216   237   208   204
  178   182   188   158   271   166   189   292
  264   209   237   221   195   206   204   207
  306   196   240   258   259   263   286   158
  198   211   236   263   268   230   258   240
  211   227   196   224   209   184   243   289
  263   218   313   188   215   231   232   198
  169   197   226   204   178   197   186   209
  220   190   159   183   191   219   154   199
  281   283   254   257   279   235   217   189
  256   280   213   247   207   267   215   239
  207   261   222   204   208   237   218   268
  215   294   273   244   254   210   225   246
  234   201   220   241   250   211   218   236
  174   167   221   171   200   175   210   266
  208   222   220   166   197   197   216   190
  267   237   215   383   259   231   290   241
  286   229   274   220   298   198   184   231
  195   216   197   242   212   259   232   211
  210   203   309   187   194   234   208   202
  188   178   199   183   225   200   179   177
  224   199   241   221   189   287   180   207
  251   226   227   253   206   307   182   215
  215   188   206   249   172   231   214   258
  255   251   181   216   223   248   217   222
  219   220   209   304   216   237   208   204
  178   182   188   158   271   166   189   292
  264   209   237   221   195   206   204   207
  306   196   240   258   259   263   286   158
  198   211   236   263   268   230   258   240
  211   227   196   224   209   184   243   289
  263   218   313   188   215   231   232   198
  169   197   226   204   178   197   186   209
  220   190   159   183   191   219   154   199
  281   283   254   257   279   235   217   189
  256   280   213   247   207   267   215   239
  207   261   222   204   208   237   218   268
  215   294   273   244   254   210   225   246
  234   201   220   241   250   211   218   236
  174   167   221   171   200   175   210   266
  208   222   220   166   197   197   216   190
  267   237   215   383   259   231   290   241
  286   229   274   220   298   198   184   231
  195   216   197   242   212   259   232   211
  210   203   309   187   194   234   208   202
  188   178   199   183   225   200   179   177
  224   199   241   221   189   287   180   207
  251   226   227   253   206   307   182   215
  215   188   206   249   172   231   214   258
  255   251   181   216   223   248   217   222
  219   220   209   304   216   237   208   204
  178   182   188   158   271   166   189   292
  264   209   237   221   195   206   204   207
  306   196   240   258   259   263   286   158
  198   211   236   263   268   230   258   240
  211   227   196   224   209   184   243   289
  263   218   313   188   215   231   232   198
  169   197   226   204   178   197   186   209
  220   190   159   183   191   219   154   199
  281   283   254   257   279   235   217   189
  256   280   213   247   207   267   215   239
  207   261   222   204   208   237   218   268
  215   294   273   244   254   210   225   246
  234   201   220   241   250   211   218   236
  174   167   221   171   200   175   210   266
  208   222   220   166   197   197   216   190
  267   237   215   383   259   231   290   241
  286   229   274   220   298   198   184   231
  195   216   197   242   212   259   232   211
  210   203   309   187   194   234   208   202
  188   178   199   183   225   200   179   177
  224   199   241   221   189   287   180   207
  251   226   227   253   206   307   182   215
  215   188   206   249   172   231   214   258
  255   251   181   216   223   248   217   222
  219   220   209   304   216   237   208   204
  178   182   188   158   271   166   189   292
  264   209   237   221   195   206   204   207
  306   196   240   258   259   263   286   158
  198   211   236   263   268   230   258   240
